nob,24229879
2128090,9863427
800,8991867
2128010,6860250
8800,4607726
8008000,4202877
6188000,3769645
8128000,1862207
8000,976283
8128800,589823
2200400000,402059
8400800000,345520
2080000000,317000
10,260517
8810,206662
C08810,151252
3000200000,118443
28000,112629
2100200000,111444
8808,110410
28800,105371
8000800,104981
8100800,104801
3100200000,100974
A008000,96075
20000,87686
C200400000,85483
8100000000,76886
2080200000,73311
80008000,71324
2100000000,67746
82008000,62385
200000,61431
8880,51888
420088,51652
8000400000,51285
8200400000,50901
208800,45259
2080A00000,45193
4100800,41838
2128000,40253
100000000,38979
8200000000,37239
8000000,36258
C280400000,35569
200400000,34436
8201000000,33628
4000800,31784
200000000,29434
2100800000,28178
8100000,28178
4100000,27789
100200000,27516
A128800,26106
C201400000,23397
4001400000,22967
4128800,21675
3100A00000,20607
2000200000,20415
8108000,19734
3100000000,19724
13128200,19341
100800000,18689
80802000,18037
400000,17247
4200400000,16787
80A00000,16780
128800,15831
2100A00000,15695
3140200000,15493
C000400000,14651
C140400000,13121
A148000,12792
90008000,12587
2128810,12313
68800,11839
30C0A00000,11761
2000000000,11678
8000000100,11503
3100A20000,10987
8080800,10818
60000,10714
20800,10680
400800,10544
8080,9890
100800,9656
201000000,9393
4000000,9190
8000000000,8866
E08800,8311
B880890,7846
1100200000,7653
12108040,7027
3000A00000,6761
48800,6581
3100208000,6447
8280400000,6446
4000000000,6426
2080020000,6345
8101400000,6263
8001400000,6088
80200000,5921
828800,5919
2000A00000,5760
2020000020,5729
100000,5717
2140A00000,5628
4000400000,5474
8101000000,5364
2000800000,5292
8804,5275
A100800,5266
C240408000,5173
20C0200000,5020
828000,4952
80028000,4896
2100202000,4329
408800,4163
100A00000,4135
2080202000,4119
1000200000,4092
C000840014,4069
3080A00000,4038
848980,4029
8201400000,4025
28880,3907
100000040,3862
C201408000,3852
8100400000,3840
804000,3771
6100000,3666
2100A02000,3647
800000,3496
408000000100,3488
208000,3372
40,3265
3080200000,3244
C180402000,3206
4108000,3183
B100880,3088
8108800,3008
140200000,3007
408000004100,2983
4128000,2977
808000,2895
868800,2822
1400000,2804
8080000,2797
A48880,2795
2140200000,2729
428010,2650
C200402000,2496
3100A02000,2439
10C0200000,2407
1000201000,2376
201400000,2368
8001000000,2368
2100A02020,2311
C422800000,2308
C100400000,2291
80000000,2206
8028000,2164
108000,2162
A00000,2090
80,2085
3100800000,2025
C200000000,2019
100400000,2013
8200408000,2009
6100800,2000
6000000,1983
8180000,1961
3100600000,1912
600000000,1900
8000840,1900
400000008,1852
8180800,1841
E900890,1809
2080002000,1802
17100010,1799
90028000,1797
48000,1739
2100002000,1722
B900800,1719
108800,1590
200402000,1554
200001,1503
1000000,1494
2080800000,1480
7900890,1448
4201400000,1446
1000A00000,1424
808800,1424
220008,1381
2100220000,1375
428800,1370
3140200014,1362
2140000000,1352
8000004100,1345
C001400000,1224
8201408000,1215
310020A000,1193
128000,1191
1401000,1121
92000000,1108
9000000,1084
3100008000,1083
3080222020,1082
3140A00000,1068
8280000000,1057
8100402000,1046
30C0200000,1029
92008000,1029
7900090,1010
8000004000,999
800810,993
C201402000,989
C20140A000,985
4008000,984
3000220000,973
9000800,968
2080C00004,961
8080400000,925
C200400040,918
C100000000,911
88008000,885
868000,874
411000000,863
31202000C0,837
8181400000,836
8000402000,832
8008800,817
3100202000,791
8180400000,787
8200800000,784
840810,776
280400000,770
2180000000,759
6008000,754
4080800,751
A128880,716
3120200000,708
C001800008,683
80004000,660
6128000,659
40800,658
140000000,657
3000202000,651
80800,634
2100208000,627
A008800,589
4800000008,581
2100008000,576
840800,547
4888060,545
C200408000,540
3151200000,535
3900810,532
2140202000,523
2018000000000,519
200408000,519
2000200020,517
8108860,497
28080,485
3400000008,481
3040220000,476
820,474
100008000,472
8281402000,465
84008060,464
B900890,457
8128200,456
9000,448
101400000,431
128200,429
100000000000,423
C281400000,423
C0200000,419
210020A000,415
30C0220000,414
5000800,410
30C0202000,410
8200402000,393
200800,390
100200001,389
30E0240000,379
20C0000000,378
2000802000,372
6008A00,372
80800000,370
90000000,370
8280402000,369
4001800000,367
80008A00,366
3100220000,364
48880,364
82008060,356
281000000,356
4000440000,354
C101400000,351
8281400000,350
7800810,350
4000,349
2100808000,347
8201402000,342
3120800000,337
800000000000,329
2080A02000,325
81200000,321
C201000000,317
220800,315
6000800,312
800800,310
9000810,303
8088800,299
1100202000,296
C200400004,296
201404000,289
80088000,282
10128800,275
80000,271
2040800000,269
1100A00000,268
408000,266
220000,265
18100000,261
C001040000,259
1000800,254
3000060000,251
3100A08000,246
2240200000,236
4400400000,235
2000208000,230
2080204000,230
1100A02000,229
2100A08000,223
1100000000,220
60800,217
201408000,216
3120208000,215
8188800,209
2040200000,209
4008800,209
A100060,208
200008000,205
A108000,204
200C02000,202
140A00000,201
C200400014,200
1,198
3080222000,196
20008,196
204000,190
2460,189
4108800,188
8,187
408880,186
3040200000,185
C001C00000,183
4280400000,180
228800,178
68880,174
8200008000,173
4201000000,173
2140A02000,170
8001000008,169
2100820000,159
20080,159
68000,158
C200440000,153
3100200040,150
20,149
4101400000,149
8201040000,147
CC00000000,146
880,144
3800890,144
41A8000,144
82008010,143
3000800000,140
3080208000,140
100208000,140
4000860,140
C000000000,139
3000000000,137
8200440000,134
8141400040,132
2600000000,131
9180800,131
C201C08000,130
2100000020,129
4000820,128
92000060,127
C200400020,127
4200000000,127
111008000,126
2100A20000,125
92028000,125
3120A2A000,124
8004,122
2120E00000,121
4280402000,120
1100208000,120
C2A2400000,120
80202000,118
10108000,118
2200200000,117
8081400000,115
1000A00008,115
3600000000,114
3000600000,113
280000000,113
203008000,112
10000040,112
8101002000,112
8180440000,111
C00000000,110
7900880,110
91A8800,109
2108000,108
100890,108
2080220000,107
4100820,107
400400000,106
8081000200,106
800880,106
1B928800,105
100040000,105
8000060,105
1400000008,102
A028800,100
C480440000,98
2000004000,98
101000000,95
20C0A00000,93
4001000000,92
180400000,92
3080800000,92
808880,91
2100800,90
18100800,89
8001040020,89
4100890,89
201400020,89
88028000,88
4800,88
3080000000,88
228000,87
20C0220000,87
C080400000,86
7800890,85
8101402000,85
8100040000,85
C200800000,84
A108800,84
71688A0,84
8200040000,83
1100800000,80
C000,80
8281000000,80
C201440000,79
83008000,79
2000200001,79
208880,79
8000040,78
4000840000,77
C000800000,77
428000,77
2140800000,76
A000810,76
7900800,76
1080200000,74
A100000,74
8201C00000,73
40200000,72
8200002000,71
20880,70
12108010,70
3100A28000,69
C141400040,69
1000402000,67
1100890,67
3180A00000,67
10008800,66
18000000,66
3100020000,66
3080A02020,65
410000000,65
A800880,65
2000400000,64
4100400000,64
2000800,63
5900090,63
100402000,63
6008800,62
8201002000,61
84128000,61
201008000,60
8221000000,59
C201800000,58
8100440000,58
2000820020,58
400000004100,57
9108000,57
3140000000,56
8201040034,56
2040A00000,56
80040,55
40000,55
2100A26020,55
2100A28000,55
2100028000,55
404,54
8181040000,54
608090,53
4100060,53
3100228000,53
8400400000,52
8001402000,51
C180400000,51
C200C08000,51
2000220000,51
2000800020,50
8300400000,50
C200442000,50
400000000,49
3080820000,49
4100010,49
4,47
140800000,47
4800810,47
200400020,47
8040000020,47
B100890,46
8201008000,46
3080A02000,46
3200A00000,46
28180,45
848800,45
4001400020,45
2120002000,45
2140002000,45
207110861,45
9800,45
2400000008,44
4000060,44
20800000,44
1000000040,44
40880,44
A68900,43
2000A00008,43
10000000,42
A000000,42
8008040,42
C201040000,42
C200008000,41
10C0A22000,41
2100600000,40
8100002000,40
B000890,40
A68080,40
C000004100,40
10108800,40
2010000000000,40
82800000,39
3100428000,39
18000800,39
200002000,38
20040A000,37
88000000,37
2000200200,37
3040A00000,37
84008800,37
2100020000,36
100200020,36
2080808000,36
1080A00000,36
1080A20000,35
400000000000,35
200880,35
180000000,34
400000000080,34
400000000040,34
C00000,34
6108000,34
3140202000,34
200,33
3140208000,33
100A00,33
C101040000,33
10000,33
8100408000,33
450000000,33
1400040,33
5800890,32
C080440000,32
7000870,32
8000800000,32
4001440000,31
8202008000,31
4200000004,30
12100800,30
82000000,30
8201440000,30
2200A00000,30
8188000,30
20000000,30
93008000,29
87008000,29
2208800000,29
448800,29
80000800,29
2140A20000,29
281400000,29
C000440000,28
3200200000,28
1100008000,28
2140820000,28
93028000,28
8201800000,28
2000202000,28
400200,27
402000,27
A48900,27
30C0A22020,27
868080,27
C001402000,27
3140220000,26
29800,26
8001008000,26
1140200000,26
C100408000,26
1000800000,26
2100828000,26
84008000,26
400000000100,26
200060,25
2100802000,25
100202000,25
8001002000,25
868900,25
804,25
A000010,24
8100801,24
201800000,24
90088000,24
100020000,24
8200000080,24
2100880,24
81400000,24
8128840,24
248080,24
20C0820034,24
2000A06000,24
8C000480C0,24
3040020000,24
8100040,24
1000202000,24
1100800,23
80008040,23
C201442020,23
20C0202000,23
200020,23
80000200,23
C201400020,22
20004A004,22
400008,22
480400000,22
A000800,22
800020,22
820000,22
100808000,22
4000040,22
200800000,22
2000000,22
28810,22
80100000,22
C180440014,22
200000000000,22
2120802000,22
12108000,22
C0000000,21
6888010,21
A68000,21
2000A20000,21
8000810,21
11002280C0,20
208008,20
81A8000,20
200A00000,20
3080240000,20
200200000,20
200840004,20
80008800,19
8200004000,19
7800090,19
2100400000,19
100A02000,19
100A08000,19
200200,19
2100A00014,19
41A8020,19
3100802000,19
208800000,19
4100040,19
2100800020,19
100,19
18080800,18
4110200,18
3100A00004,18
900,18
A000890,18
8100810,18
81000000,18
8200448000,18
2080400000,18
C280000000,18
8800000008,18
B128000,18
8001404000,17
83808090,17
8200810,17
30C0A20000,17
2000000020,17
C281440000,17
C001440000,17
8028800,17
8000860,17
2000800014,17
2040000000,17
8118000,17
1000000000,17
80128000,17
C240400000,17
C200840000,17
A08000,16
A01000,16
B100810,16
2100822000,16
4028000,16
9180000,16
3120A22000,16
8480400000,16
101,16
281402000,16
420800,16
1140820000,16
408000000000,16
8280400014,16
8280002000,15
868880,15
102000000,15
4101402000,15
408010,15
2000420000,15
3100200080,15
400000006000,15
84000000,15
2000800008,14
8100802000,14
5000001,14
C101440000,14
3100820000,14
100600000,14
4100821,14
8008810,14
8C01000000,14
8008,14
C001000000,14
10008000,14
2080A20000,14
B800890,14
B100800,14
2110008000,14
80000000000,14
8001800000,14
C000442000,13
8180000000,13
6100810,13
C480C00000,13
408000004000,13
110020A000,13
200000020,13
9100800,13
3100200014,13
3100208040,13
181400000,12
7100890,12
C2004000C0,12
C1A2000000,12
C101000000,12
8800880,12
8200442000,12
100080080,12
4201400020,12
8806,12
8201442000,12
2000C00000,12
4200402000,12
A48000,12
4000840,12
18128000,12
8100820,12
2211400000,12
220000000,12
13900880,12
12000010,12
3000220020,11
228900,11
2080208000,11
8120000000,11
20004,11
8100080,11
820004A004,11
8C00000000,11
3100408000,11
2000A04000,11
8200C00000,11
100000001,11
41104A004,11
C100402000,11
8101000080,11
3080220000,11
30C0220014,11
8080000000,11
140022000,10
100000080,10
2,10
C000800,10
2100800001,10
3120A00000,10
268880,10
30802000C0,10
20000000000,10
C201808000,10
8081C00000,10
100802000,10
140A02000,10
2080820000,10
9000840,10
100000080000,10
180008000,10
C181040000,10
3900890,10
248000,10
C200000080,10
9100000,10
2100220004,10
8000440000,9
8088000,9
202000,9
28100,9
C181400000,9
8100800000,9
100000020000,9
C200040000,9
30D1000000,9
600000,9
2040A02000,9
8300000000,9
30A0200040,9
6108090,9
8200400020,9
6180800,9
A900890,9
8240400040,9
4200400020,9
2040202000,9
2100A0A000,9
4080000,8
8281408060,8
B000880,8
28004,8
3000400000,8
808,8
90200000,8
4200008000,8
6148000,8
240200000,8
1A3400000,8
140000000000,8
8000000040,8
4100860,8
6928800,8
100400020,8
3020A00000,8
C200048000,8
8101800000,8
10100000,8
20000020,8
4200440000,8
5000000,8
4201408000,8
104000000,7
1020200000,7
8200000020,7
88088000,7
7908890,7
140400000,7
8080040,7
201048024,7
30C0A20014,7
3900090,7
100400020000,7
3100A00020,7
514000004000,7
8000000020,7
400020,7
A800800,7
3100808000,7
2000E00000,7
181400020,7
2008A00,7
101000020,7
80108000,7
100000020,7
2151200000,7
4200440010,7
B800880,7
7800880,7
50000040,7
408008,6
3140200004,6
400080,6
240800,6
180000,6
C4C0440000,6
400,6
848000,6
200000001,6
C00000000000,6
80002000,6
8100004,6
8108200,6
420000,6
C000000,6
300020000000,6
100440000,6
8000400008,6
400000010000,6
B800800,6
9008000,6
C80001000,6
A900880,6
4000800000,6
140002000,6
200040000,6
100A08020,6
8203048014,6
10028000,6
4180000000,6
92008010,6
220008000,6
8201400020,6
208900,6
4281400000,6
2100000008,6
201040000,5
2080600000,5
80600000,5
C400408000,5
3000A00004,5
380400000,5
221,5
C201400040,5
2000,5
8001000020,5
B108800,5
4210400000,5
3000200200,5
208080,5
620800,5
8222000000,5
8000008,5
B000800,5
81008000,5
800A8000,5
118000,5
4181400000,5
40000000,5
100000084040,5
8411000000,5
8128060,5
8101400020,5
C081402000,5
2000020000,5
C000400040,5
8100200,5
28000000,5
8000008000,5
3000022000,5
108200,5
3100A22000,5
1400020,5
4101000000,5
6128800,5
8281408040,4
100C00000,4
90040060,4
4000802000,4
80808000,4
800000000,4
21800,4
8000040000,4
860880,4
8180040,4
1000020,4
30008000A0,4
4102400000,4
2110000000,4
4181040000,4
8000801,4
3808090,4
2140220000,4
8000001000,4
C0A00000,4
241000000,4
8400000000,4
8000200000,4
C201448020,4
1800000,4
B930090,4
7000010,4
8281408000,4
C0080000,4
C081C00000,4
201440014,4
100800020,4
3100A00040,4
80028060,4
401000000,4
12100000,4
4201400040,4
3000820000,4
8100000020,4
4128801,4
1000000020,4
100010000000,4
3100200020,4
3000002000,4
C241402000,4
84028000,4
8100008000,4
2100A00020,4
B808890,4
2100A20020,4
8000400208,4
F008810,4
6880090,3
8101008020,3
400000200000,3
8001000014,3
2100E00000,3
8001440014,3
C1A2080000,3
C28000,3
8000001,3
C200808000,3
86008000,3
2200000000,3
3100A28020,3
8001400004,3
3040600000,3
2000000008,3
1C0000000,3
90808000,3
2100200020,3
2100090,3
4100801,3
40000020,3
8000C02000,3
2080200040,3
7108800,3
201008080,3
3120A000C0,3
8008010,3
201002000,3
C222008000,3
400000020,3
4000004,3
C001800000,3
3100220040,3
10040060,3
14028800,3
88800,3
B900090,3
800008,3
80000020,3
4000010,3
CC40048000,3
108860,3
220080,3
2140200014,3
3080000060,3
2100C00000,3
1100200020,3
2640000000,3
118800,3
C20044C000,3
86000200,3
3000222000,3
42014000C0,3
11400000,3
228100,3
C200440010,3
8280440000,3
93800010,3
C2404000C0,3
228080,3
A00020,3
C0008000,3
1000E00000,3
3000800020,3
80000001,3
28804,3
92008200,3
2000040000,3
B100000,3
A20800,3
12000000,3
2120A00000,3
C481402000,3
8100440004,3
8008060,2
1120A00040,2
3080200040,2
8380000000,2
F000810,2
80088040,2
A28800,2
3080602000,2
280002000,2
C000402000,2
3080220004,2
8000002000,2
828080,2
101002000,2
C000000100,2
3108800,2
3000A20000,2
220804,2
31202080C0,2
100A04000,2
4000402000,2
A20000,2
4280000000,2
100220000,2
201440004,2
B000000,2
4100,2
3040220004,2
C400400000,2
C281400020,2
10000800,2
68180,2
C081000060,2
3000890,2
30C0A20020,2
C201442000,2
2100240020,2
100408000,2
806,2
C200000040,2
86000000,2
840000,2
201402000,2
2100820014,2
20000080800,2
8081000000,2
201008020,2
2040A22000,2
404000,2
20006,2
4200000040,2
28010,2
3100A00014,2
3108090,2
91008000,2
2150200200,2
1000004000,2
C0004000C0,2
3100800040,2
C200848000,2
100014000000,2
8002004000,2
3101200000,2
3100A02020,2
60,2
10000C000,2
8001400200,2
1800,2
83808000,2
8180040000,2
A128810,2
80000100,2
2000A00020,2
A800890,2
91A8000,2
2100228000,2
1000600000,2
260000,2
68100,2
82008800,2
3080A20000,2
8200448004,2
3120200020,2
8280400020,2
80108200,2
201004000,2
82028010,2
4000020,2
8040,2
408000004500,2
140020000,2
5111248000,2
8201000020,2
42004000C0,2
101408000,2
500000000,2
2100200004,2
8100040004,2
8481400000,2
C800000008,2
A08800,2
240400000,2
201000020,2
411040000,2
9008860,2
CC00048000,2
4200040000,2
C100040000,2
840,2
80080000,2
3008890,2
C101000040,2
3008800,2
8201048000,2
C081000040,2
6800090,2
30D1040000,2
188060,2
1100000020,2
18800,2
A68100,2
8200404000,2
20C0020000,2
10080000,2
400040,2
201000004,2
8010,2
30C0AA0020,2
C280402000,2
C000040000,2
1088800,2
301000000,2
201000,2
100002000,2
2100028014,2
20A0A00040,2
21000000,2
7080010,2
3908080,2
31002000C0,2
A48800,2
8808000,2
248880,2
4020,2
C001408000,2
4088000,2
C280440004,2
240000,2
100801,2
300000000,2
3180200000,2
2620000000,2
C180440004,2
83008080,2
2000020014,2
8000004120,2
88000,2
10201000000,2
3908090,2
8000400040,2
8080080000,2
1100200040,2
12008000,2
8820001000,2
4180800,2
8001800200,2
3100E08000,2
210400000,2
4081400000,2
2108000000,2
3140200020,2
2080A22000,1
8000200,1
8110800,1
5900010,1
2080004020,1
80A08000,1
C281402000,1
C080000,1
90000004,1
C0014000C0,1
8180402000,1
8200400002,1
18080000,1
C201008000,1
2200004020,1
200080,1
6100880,1
C000400020,1
7108090,1
1040200020,1
C101400040,1
2000A02000,1
C200042000,1
8C00048000,1
3000020000,1
4201400060,1
1000200020,1
3100800,1
C281440004,1
411800000,1
8001000100,1
1040200000,1
400001004100,1
4222400000,1
8401402000,1
2100A000C0,1
4223000000,1
3200000000,1
A08080,1
8281000020,1
100080040,1
C081400000,1
2000804000,1
101402000,1
8000A00,1
40C000,1
4000400020,1
89028000,1
8021400000,1
C201000004,1
C001440014,1
31202000E0,1
3100200004,1
8000400020,1
1100220000,1
C281442000,1
40400,1
82004480C0,1
3000A00080,1
1008040,1
621,1
80014000C0,1
87808010,1
8201408020,1
3160200000,1
8CA0001000,1
C081000020,1
4108040,1
80028800,1
8301000000,1
2110008020,1
88128000,1
48080,1
608000,1
88008040,1
440000,1
2100A20004,1
2100040000,1
8800001000,1
F000800,1
1120200000,1
400000004000,1
600008000,1
8202008020,1
A080800,1
8A008000,1
100400001,1
2180A00000,1
28006,1
A48080,1
3100A00080,1
8C00000008,1
100080000,1
8001C00000,1
C000408000,1
6000200,1
8401000000,1
6800000,1
8908000,1
68900,1
3980080,1
2100802020,1
450004000,1
20900,1
C200440080,1
C201440004,1
C201408020,1
C100400040,1
C141400000,1
80000080,1
18008000,1
2A2000000,1
180800000,1
8001040000,1
10400000,1
2180004020,1
8148000,1
260880,1
24800,1
100000008,1
6,1
90018000,1
A900000,1
2000000060,1
101800000,1
C0004020C0,1
411040004,1
3100A000C0,1
8100002,1
8100400014,1
100000080040,1
2140A22000,1
3111802000,1
C281402004,1
241000020,1
3100000080,1
8108060,1
3600000040,1
8880800,1
6900000,1
600800000,1
1100200060,1
20100,1
8000404000,1
20004000,1
3800800,1
220008020,1
268810,1
4028800,1
3110200000,1
100090,1
8000010,1
3100C02000,1
8080440000,1
C140400040,1
24000000,1
410001000,1
C080000000,1
2000002000,1
82A0400000,1
201400060,1
80200001,1
222008000,1
4000821,1
21,1
300400000,1
411008000,1
808000000000,1
101040000,1
C280440000,1
3000000020,1
2800800,1
1000000A4000,1
2080200020,1
8B008880,1
C040400040,1
2100200040,1
B008090,1
8101040000,1
8101408020,1
3100800020,1
C20040A000,1
1404000,1
C200448000,1
8080002200,1
8108810,1
1000400000,1
80000040,1
210000000,1
14000000,1
C0404000E0,1
1040020,1
8080400008,1
8100090,1
208188000,1
90008060,1
100050000000,1
1140020000,1
1000240000,1
310026A014,1
1008000,1
400800008,1
12108090,1
10908000,1
8401400000,1
108000000,1
222000000,1
2080008000,1
13100000,1
88100000,1
100100000000,1
100A00020,1
3100208020,1
3060200000,1
3111008000,1
1108880,1
2100004020,1
3640000000,1
2100828004,1
268180,1
90028200,1
281008000,1
18810,1
5180800,1
C101408020,1
8281440000,1
B908800,1
2900880,1
4201440000,1
C00008000,1
8201008020,1
18200048000,1
440014,1
8010800,1
4001440004,1
28084,1
110800,1
2100060,1
D0028000,1
82014000C0,1
C081400020,1
1100A00004,1
200000060,1
200040,1
30000000,1
800000008,1
C0404000C0,1
200000A0800,1
200440000,1
1140000000,1
2100828034,1
4201408080,1
14128800,1
401400000,1
B008810,1
8008080,1
C2000000C0,1
3100240000,1
8001440020,1
1080800000,1
C001400004,1
E08000,1
8200000040,1
100040,1
3000200020,1
640000000,1
2600000020,1
4201000020,1
88808000,1
3000A02000,1
248800,1
B900880,1
1100200014,1
80080060,1
6108800,1
94008000,1
2200800000,1
5080800,1
3000A00020,1
8101008000,1
C000002000,1
280040000,1
2080840000,1
2C0400000,1
1000800020,1
13900090,1
90028004,1
C182000000,1
8200400014,1
A008090,1
101008000,1
2208A00000,1
8101408000,1
C000480000,1
8200008020,1
3150200000,1
140000020,1
100020014,1
428080,1
8001000,1
8001004000,1
2000808000,1
9000060,1
4000C00000,1
80018000,1
200000040,1
100404000,1
100200040,1
4411400000,1
B000090,1
1000000000000,1
1000008,1
3080A000C0,1
5108800,1
C0004400C0,1
3020200000,1
8B108000,1
810040A000,1
8200008008,1
2040200020,1
2000802020,1
8280408000,1
4201040000,1
200009,1
80008100,1
2000200009,1
80038000,1
6800800,1
4280442000,1
8180800000,1
2000600000,1
8108010,1
8200,1
A28980,1
8201040004,1
120,1
2180200000,1
8080020,1
4100000000,1
201840000,1
8200008040,1
409800,1
3100220020,1
801,1
3100808040,1
10100800,1
C0014400C0,1
2100240,1
90108000,1
C2010000C0,1
201000E0800,1
208810,1
2620000040,1
1200200000,1
2200008000,1
4180400000,1
A40000,1
2900800000,1
8480000000,1
8000400060,1
2200808000,1
88088800,1
